4294967294,0
4294967278,187
4294967279,322
4294967278,303
4294967279,403
4294967278,301
4294967279,294
4294967278,176
13,16
13,0
4294967278,330
4294967279,172
4294967278,558
4294967279,413
11,12
11,10
4294967278,539
4294967279,320
4294967279,142
4294967278,568
4294967279,272
4294967279,269
12,9
12,0
4294967279,264
4294967279,263
4294967278,341
4294967279,411
4294967279,372
4294967278,40
4294967278,39
4294967278,38
4294967278,37
4294967278,36
4294967278,35
4294967278,34
4294967278,33
4294967278,32
4294967278,31
4294967278,30
4294967278,29
4294967278,28
4294967278,27
4294967278,26
4294967278,25
4294967278,24
4294967278,23
4294967278,22
4294967279,336
4294967279,252
4294967279,409
4294967279,408
4294967279,209
4294967278,207
4294967278,322
4294967279,185
4294967279,181
4294967279,402
4294967278,575
4294967278,557
4294967279,401
4294967278,554
4294967279,378
4294967279,155
4294967278,342
4294967279,386
4294967279,145
4294967279,376
4294967278,535
13,15
4294967279,140
4294967279,135
4294967278,329
4294967278,257
4294967278,532
4294967279,250
4294967278,540
4294967279,410
4294967278,526
4294967279,229
4294967279,223
4294967278,337
4294967279,407
4294967278,340
4294967279,406
4294967279,405
4294967278,339
4294967279,404
4294967279,192
4294967278,186
4294967279,186
4294967279,177
4294967279,169
4294967279,168
4294967278,555
4294967279,361
4294967278,260
4294967278,50
4294967278,49
4294967278,48
4294967278,538
4294967279,400
4294967278,549
4294967278,569
4294967279,358
4294967278,542
4294967279,144
4294967279,284
4294967278,47
4294967278,46
4294967278,45
4294967278,44
4294967278,43
4294967278,42
4294967278,41
4294967279,137
4294967279,267
4294967279,278
11,5
4294967279,258
4294967279,346
4294967279,255
4294967278,328
4294967278,258
4294967278,570
4294967278,562
4294967279,243
4294967279,231
4294967278,55
4294967279,236
11,226
4294967279,234
4294967279,227
11,1
4294967279,219
4294967278,54
4294967278,53
4294967279,211
4294967279,324
4294967278,518
4294967279,225
4294967279,199
4294967279,221
4294967278,336
4294967278,0
4294967278,52
4294967279,184
4294967278,182
4294967278,516
4294967278,321
8,2
4294967279,167
4294967279,165
4294967278,51
4294967279,217
28,4
26,4
4294967279,158
11,11
4294967278,68
4294967278,66
4294967278,65
4294967278,64
4294967278,63
4294967278,62
4294967278,61
4294967278,60
4294967278,59
4294967278,58
4294967278,57
4294967278,56
4294967279,94
4294967279,93
4294967279,89
4294967279,87
4294967279,86
4294967279,85
4294967279,84
4294967279,83
4294967279,81
4294967279,78
4294967279,76
4294967279,73
4294967279,72
4294967278,536
4294967279,344
4294967279,138
34,8
34,7
4294967279,134
4294967278,133
4294967279,271
4294967278,283
4294967279,283
4294967279,282
4294967279,447
4294967279,281
4294967279,277
4294967278,324
4294967279,385
9,6
4294967278,530
4294967279,253
4294967278,513
4294967278,237
4294967279,237
4294967279,329
4294967278,338
4294967278,233
4294967279,228
4294967278,227
4294967278,219
4294967279,391
4294967279,327
12,4
4294967278,523
4294967278,521
4294967279,323
4294967294,471
12,5
13,9
4294967278,194
4294967279,193
4294967279,399
4294967278,188
3,4
3,5
2,5
4294967279,188
2,4
4294967294,469
2,6
2,7
4294967279,187
4294967279,390
4294967279,182
4294967279,446
4294967279,179
4294967279,260
34,4
4294967278,165
4294967279,445
4294967278,553
9,9
9,2
4294967278,383
4294967279,160
4294967279,393
4294967279,71
4294967279,70
4294967279,69
4294967279,67
4294967279,65
4294967279,63
4294967279,61
4294967279,59
4294967279,57
4294967279,55
4294967279,53
4294967279,52
4294967279,50
4294967279,49
4294967279,48
4294967279,47
4294967279,46
4294967279,45
4294967279,44
4294967279,43
4294967279,42
4294967279,41
4294967279,37
4294967279,35
4294967279,34
4294967279,32
4294967279,30
4294967279,29
4294967279,28
4294967279,26
4294967279,25
4294967279,24
4294967279,22
4294967279,21
4294967279,20
4294967279,18
4294967279,17
4294967279,16
4294967279,11
4294967278,541
4294967278,547
4294967278,382
4294967279,143
11,8
4294967279,387
8,4
8,6
22,5
23,6
23,4
4294967294,1428
22,4
4294967294,1424
4294967279,353
8,1
11,2
9,7
9,1
4294967294,475
4294967294,1423
18,2
11,134
35,4
11,245
11,244
11,242
11,243
11,241
11,240
11,239
11,238
11,237
11,236
11,235
11,234
11,233
11,232
4294967279,444
4294967278,531
4294967279,338
11,135
11,4
11,6
4294967279,443
4294967279,88
4294967279,174
4294967279,0
4294967294,5
11,75
11,74
11,73
11,224
11,223
11,222
4294967279,233
8,5
4294967278,381
4294967279,398
4294967294,83
4294967294,474
4294967279,442
4294967279,205
4294967279,204
4294967279,441
17,2
4294967278,199
4294967278,197
4294967278,195
4294967279,195
4294967294,1431
14,2
4294967294,470
4294967278,169
4294967278,380
4294967279,440
4294967278,379
4294967279,439
4294967279,347
4294967278,137
4294967279,354
4294967278,567
4294967279,352
4294967279,270
4294967279,268
21,8
21,7
21,4
4294967294,1430
4294967294,22
4294967278,533
4294967278,273
4294967278,378
4294967278,266
4294967294,6
4294967294,82
4294967278,529
4294967278,252
4294967278,249
4294967279,331
4294967278,527
4294967279,235
4294967294,1414
4,4
11,72
4294967279,226
4294967278,225
4294967278,223
4294967279,220
4294967279,216
40,8
42,5
45,4
18,4
18,5
4294967279,214
11,71
4294967279,210
4294967279,208
4294967278,132
4294967278,131
4294967278,130
4294967278,129
4294967278,128
4294967278,127
4294967278,126
4294967278,125
4294967278,124
4294967278,123
4294967278,122
4294967278,121
4294967278,120
4294967278,119
4294967278,118
4294967278,117
4294967278,116
4294967278,115
4294967278,114
4294967278,113
4294967278,112
4294967278,111
4294967278,110
4294967278,109
4294967278,108
4294967278,107
4294967278,106
4294967278,105
4294967278,104
4294967278,103
4294967278,102
4294967278,101
4294967278,100
4294967278,99
4294967278,98
4294967278,97
4294967278,96
4294967278,95
4294967278,94
4294967278,93
4294967278,92
4294967278,91
4294967278,90
4294967278,89
4294967278,87
4294967278,86
4294967278,85
4294967278,84
4294967278,83
4294967278,82
4294967278,81
4294967278,80
4294967278,79
4294967278,78
4294967278,77
4294967278,76
4294967278,75
4294967278,74
